dining table 0.0882813 0.971875 0.173438 0.05625 0.356264
dining table 0.297656 0.830469 0.595312 0.332812 0.45859
chair 0.582812 0.626562 0.09375 0.134375 0.481289
chair 0.482031 0.633594 0.0921875 0.139062 0.672083
chair 0.616406 0.700781 0.148438 0.257812 0.738077
chair 0.423438 0.665625 0.1375 0.08125 0.791263
chair 0.703125 0.676562 0.121875 0.21875 0.80923
chair 0.902344 0.7125 0.195312 0.275 0.838388
chair 0.183594 0.645312 0.123438 0.078125 0.868431
chair 0.0679687 0.867969 0.132812 0.204688 0.893721
